34 95 61 64 100 82
38 92 54 44 74 29
61 5 29 28 51 49
20 37 33 56 95 5
55 44 99 87 41 79
70 72 52 50 11 29
14 92 39 71 22 68
35 79 68 2 98 3
48 71 52 81 32 94
6 60 18 19 46 84
45 27 23 66 9 17
5 52 6 51 69 4
87 93 50 22 63 28
89 85 4 52 55 100
86 49 6 31 30 60
4 34 64 98 54 93
44 80 62 29 79 48
27 60 45 3 3 7
18 93 53 57 2 81
35 65 25 15 88 57
22 58 66 48 72 77
88 32 33 23 82 76
91 84 15 77 17 21
23 100 41 43 99 14
32 3 75 8 19 17
57 18 7 61 50 38
99 61 63 25 20 81
36 94 19 29 44 12
40 65 43 31 87 16
92 76 56 15 90 69
7 11 17 25 10 40
8 79 58 15 72 30
14 58 95 82 82 4
1 60 19 39 26 89
64 50 45 12 6 35
1 7 39 68 65 90
53 22 94 91 90 10
56 94 69 57 61 34
1 55 76 65 43 25
60 20 90 45 70 39
73 37 12 69 68 30
42 54 27 75 81 94
40 3 29 4 1 82
73 26 45 91 6 40
12 43 33 97 80 22
16 71 14 27 92 81
16 36 88 54 70 51
88 3 38 63 90 11
33 52 38 29 76 8
41 26 44 73 92 90
26 92 11 19 18 37
62 31 79 6 21 37
30 3 23 59 70 68
4 20 71 69 9 16
60 63 63 84 42 49
46 57 80 19 88 13
99 16 53 72 90 60
23 95 74 48 32 63
8 60 58 45 100 12
94 32 11 21 6 91
22 56 20 100 22 5
25 89 55 87 70 33
98 33 35 82 7 16
20 43 55 45 25 40
60 64 19 54 13 70
6 5 34 100 35 20
41 23 12 11 6 2
13 91 13 80 11 70
75 46 1 26 98 84
32 18 10 66 57 9
70 18 62 84 52 13
55 74 16 7 52 65
78 1 39 72 50 90
14 39 7 41 5 19
45 61 50 15 66 15
64 56 91 59 31 5
91 60 64 27 41 27
24 87 72 59 78 41
55 87 70 83 43 65
51 31 74 15 60 23
5 57 82 76 67 12
57 74 63 71 97 82
80 70 74 77 51 56
24 25 73 23 55 36
44 92 28 66 60 37
6 26 85 28 37 6
99 26 82 17 17 3
1 79 10 54 82 15
70 11 74 31 34 64
39 90 27 68 48 24
32 40 97 5 39 81
58 30 37 61 15 22
82 76 10 28 68 57
91 85 77 43 37 8
94 19 6 83 23 83
4 17 93 22 23 6
42 36 69 99 85 96
11 33 95 18 47 36
70 60 2 77 53 72
53 51 63 83 100 18